[gd_scene load_steps=11 format=2]

[ext_resource path="res://Resources/Environments/BasicWorldEnvironment.tres" type="Environment" id=1]
[ext_resource path="res://Data/Modules/Rail.tscn" type="PackedScene" id=2]
[ext_resource path="res://Worlds/Tutorials/TutorialScript.gd" type="Script" id=3]
[ext_resource path="res://Data/Scripts/Station.gd" type="Script" id=4]
[ext_resource path="res://Data/Scripts/World.gd" type="Script" id=5]
[ext_resource path="res://Data/Scripts/Rail.gd" type="Script" id=6]
[ext_resource path="res://Data/Modules/Signal.tscn" type="PackedScene" id=7]
[ext_resource path="res://Data/Scripts/Signal.gd" type="Script" id=8]
[ext_resource path="res://Data/Modules/Station.tscn" type="PackedScene" id=17]
[ext_resource path="res://Resources/Environments/BasicSun.tscn" type="PackedScene" id=18]

[node name="World" type="Spatial"]
script = ExtResource( 5 )
__meta__ = {
"chunk_version": 2
}
FileName = "Tutorials"
world_origin_on_last_save = Vector3( 0, 0, 0 )

[node name="DirectionalLight" type="DirectionalLight" parent="." instance=ExtResource( 18 )]
transform = Transform( 1, 0, 0, 0, -0.766044, 0.642787, 0, -0.642787, -0.766044, 0, 80.3552, 0 )
light_color = Color( 1, 0.958731, 0.917809, 1 )
light_bake_mode = 2
shadow_enabled = true
directional_shadow_depth_range = 1
directional_shadow_max_distance = 120.0
__meta__ = {
"color_filter": Color( 1, 1, 1, 0 ),
"color_temperature": 5900,
"use_color_temperature": true
}

[node name="WorldEnvironment" type="WorldEnvironment" parent="."]
environment = ExtResource( 1 )

[node name="Players" type="Spatial" parent="."]

[node name="Signals" type="Spatial" parent="."]

[node name="City1" type="Spatial" parent="Signals" groups=["Signal"] instance=ExtResource( 17 )]
script = ExtResource( 4 )
attached_rail = "Rail"
on_rail_position = 0.0
forward = true
length = 200
platform_side = 2
personSystem = true
platformHeight = 1.2
platformStart = 2.5
platformEnd = 4.5
assigned_signal = "Signal"

[node name="Signal" type="Spatial" parent="Signals" groups=["Signal"] instance=ExtResource( 7 )]
transform = Transform( 0.999118, 0, -0.0419877, 0, 1, 0, 0.0419877, 0, 0.999118, 209.938, 0, 4.40918 )
script = ExtResource( 8 )
attached_rail = "Rail"
on_rail_position = 210.0
forward = true
signal_type = 3
status = 1
signal_free_time = -1
speed = 140.0
visual_instance_path = "res://Resources/SignalTypes/Ks/Ks.tscn"
operation_mode = 1

[node name="Signal2" type="Spatial" parent="Signals" groups=["Signal"] instance=ExtResource( 7 )]
transform = Transform( 0.996802, 0, -0.0799147, 0, 1, 0, 0.0799147, 0, 0.996802, 399.573, 0, 15.9917 )
script = ExtResource( 8 )
attached_rail = "Rail"
on_rail_position = 400.0
forward = true
signal_type = 3
status = 1
signal_free_time = -1
speed = -1.0
visual_instance_path = "res://Resources/SignalTypes/Ks/Ks.tscn"
operation_mode = 0

[node name="Signal3" type="Spatial" parent="Signals" groups=["Signal"] instance=ExtResource( 7 )]
transform = Transform( 0.987227, 0, -0.159318, 0, 1, 0, 0.159318, 0, 0.987227, 796.591, 0, 63.8638 )
script = ExtResource( 8 )
attached_rail = "Rail"
on_rail_position = 800.0
forward = true
signal_type = 3
status = 1
signal_free_time = -1
speed = -1.0
visual_instance_path = "res://Resources/SignalTypes/Ks/Ks.tscn"
operation_mode = 0

[node name="Signal4" type="Spatial" parent="Signals" groups=["Signal"] instance=ExtResource( 7 )]
transform = Transform( 0.997779, 0, -0.0666169, 0, 1, 0, 0.0666169, 0, 0.997779, 1389.5, 0, 152.803 )
script = ExtResource( 8 )
attached_rail = "Rail2"
on_rail_position = 400.0
forward = true
signal_type = 3
status = 1
signal_free_time = -1
speed = 80.0
visual_instance_path = "res://Resources/SignalTypes/Ks/Ks.tscn"
operation_mode = 0

[node name="Signal5" type="Spatial" parent="Signals" groups=["Signal"] instance=ExtResource( 7 )]
transform = Transform( 0.997779, 0, 0.0666177, 0, 1, 0, -0.0666177, 0, 0.997779, 1789.21, 0, 152.803 )
script = ExtResource( 8 )
attached_rail = "Rail2"
on_rail_position = 800.0
forward = true
signal_type = 3
status = 1
signal_free_time = -1
speed = -1.0
visual_instance_path = "res://Resources/SignalTypes/Ks/Ks.tscn"
operation_mode = 1

[node name="City2" type="Spatial" parent="Signals" groups=["Signal"] instance=ExtResource( 17 )]
transform = Transform( 0.999999, 0, -0.00166625, 0, 1, 0, 0.00166625, 0, 0.999999, 1584.35, 0, 159.463 )
script = ExtResource( 4 )
attached_rail = "Rail2"
on_rail_position = 595.0
forward = true
length = 200
platform_side = 1
personSystem = true
platformHeight = 1.2
platformStart = 2.5
platformEnd = 4.5
assigned_signal = "Signal5"

[node name="Rails" type="Spatial" parent="."]

[node name="Rail" type="Spatial" parent="Rails" groups=["Rail"] instance=ExtResource( 2 )]
script = ExtResource( 6 )
__meta__ = {
"chunk_pos": Vector3( 0, 0, 0 )
}
rail_type_path = "res://Resources/RailTypes/Default.tscn"
length = 1000.0
radius = -5000.0
build_distance = 0.9
visible_segments = 1112
manual_moving = true
start_rot = 0.0
end_rot = -0.2
start_pos = Vector3( 0, 0, 0 )
end_pos = Vector3( 993.347, 0, 99.667 )
start_slope = 0.0
end_slope = 0.0
start_tend = 0.0
tend1_pos = -1.0
tend1 = -0.3
tend2_pos = 0.0
tend2 = -0.3
end_tend = 0.0
automatic_tend = false
parallel_rail_name = ""
distance_to_parallel_rail = 0.0
has_overhead_line = true
switch_part = [ "", "" ]

[node name="Rail2" type="Spatial" parent="Rails" groups=["Rail"] instance=ExtResource( 2 )]
transform = Transform( 0.980067, 0, -0.198669, 0, 1, 0, 0.198669, 0, 0.980067, 993.347, 0, 99.667 )
script = ExtResource( 6 )
__meta__ = {
"chunk_pos": Vector3( 1, 0, 0 )
}
rail_type_path = "res://Resources/RailTypes/Default.tscn"
length = 1000.0
radius = 3000.0
build_distance = 0.9
visible_segments = 1112
manual_moving = true
start_rot = -0.2
end_rot = 0.133334
start_pos = Vector3( 993.347, 0, 99.667 )
end_pos = Vector3( 1988.17, 0, 132.84 )
start_slope = 0.0
end_slope = 0.0
start_tend = 0.0
tend1_pos = -1.0
tend1 = 0.5
tend2_pos = 0.0
tend2 = 0.5
end_tend = 0.0
automatic_tend = false
parallel_rail_name = ""
distance_to_parallel_rail = 0.0
has_overhead_line = true
switch_part = [ "", "" ]

[node name="Buildings" type="Spatial" parent="."]

[node name="Flora" type="Spatial" parent="."]

[node name="TrackObjects" type="Spatial" parent="."]

[node name="Landscape" type="Spatial" parent="."]

[node name="Chunks" type="Spatial" parent="."]

[node name="TutorialScript" type="Node" parent="."]
script = ExtResource( 3 )
