[gd_scene load_steps=10 format=2]

[ext_resource path="res://Resources/Environments/BasicWorldEnvironment.tres" type="Environment" id=1]
[ext_resource path="res://Data/Modules/Rail.tscn" type="PackedScene" id=2]
[ext_resource path="res://Data/Scripts/Rail.gd" type="Script" id=3]
[ext_resource path="res://Data/Scripts/Station.gd" type="Script" id=4]
[ext_resource path="res://Data/Scripts/World.gd" type="Script" id=5]
[ext_resource path="res://Data/Scripts/Signal.gd" type="Script" id=6]
[ext_resource path="res://Data/Modules/Signal.tscn" type="PackedScene" id=12]
[ext_resource path="res://Data/Modules/Station.tscn" type="PackedScene" id=17]
[ext_resource path="res://Resources/Environments/BasicSun.tscn" type="PackedScene" id=18]

[node name="World" type="Spatial"]
script = ExtResource( 5 )
FileName = "Tutorials"

[node name="DirectionalLight" type="DirectionalLight" parent="." instance=ExtResource( 18 )]
transform = Transform( 1, 0, 0, 0, -0.766044, 0.642787, 0, -0.642787, -0.766044, 0, 80.3552, 0 )
light_color = Color( 1, 0.958731, 0.917809, 1 )
light_bake_mode = 2
shadow_enabled = true
directional_shadow_depth_range = 1
directional_shadow_max_distance = 120.0
__meta__ = {
"color_filter": Color( 1, 1, 1, 0 ),
"color_temperature": 5900,
"use_color_temperature": true
}

[node name="WorldEnvironment" type="WorldEnvironment" parent="."]
environment = ExtResource( 1 )

[node name="Players" type="Spatial" parent="."]

[node name="Signals" type="Spatial" parent="."]

[node name="City1" type="Spatial" parent="Signals" groups=["Signal"] instance=ExtResource( 17 )]
script = ExtResource( 4 )
stationLength = 200
platform_side = 2
personSystem = true
platformHeight = 1.2
platformStart = 2.5
platformEnd = 4.5
attached_rail = "Rail"
on_rail_position = 0.0
forward = true

[node name="Signal" type="Spatial" parent="Signals" groups=["Signal"] instance=ExtResource( 12 )]
transform = Transform( 0.999118, 0, -0.0419877, 0, 1, 0, 0.0419877, 0, 0.999118, 209.938, 0, 4.40918 )
script = ExtResource( 6 )
signal_type = 3
status = 0
set_pass_at_h = 12
set_pass_at_m = 0
set_pass_at_s = 5
speed = 140.0
is_block_signal = false
visual_instance_path = "res://Resources/SignalTypes/Ks/Ks.tscn"
attached_rail = "Rail"
forward = true
on_rail_position = 210

[node name="Signal2" type="Spatial" parent="Signals" groups=["Signal"] instance=ExtResource( 12 )]
transform = Transform( 0.996802, 0, -0.0799147, 0, 1, 0, 0.0799147, 0, 0.996802, 399.573, 0, 15.9917 )
script = ExtResource( 6 )
signal_type = 3
status = 1
set_pass_at_h = 12
set_pass_at_m = 0
set_pass_at_s = 45
speed = -1.0
is_block_signal = true
visual_instance_path = "res://Resources/SignalTypes/Ks/Ks.tscn"
attached_rail = "Rail"
forward = true
on_rail_position = 400

[node name="Signal3" type="Spatial" parent="Signals" groups=["Signal"] instance=ExtResource( 12 )]
transform = Transform( 0.987227, 0, -0.159318, 0, 1, 0, 0.159318, 0, 0.987227, 796.591, 0, 63.8638 )
script = ExtResource( 6 )
signal_type = 3
status = 1
set_pass_at_h = 12
set_pass_at_m = 0
set_pass_at_s = 50
speed = -1.0
is_block_signal = true
visual_instance_path = "res://Resources/SignalTypes/Ks/Ks.tscn"
attached_rail = "Rail"
forward = true
on_rail_position = 800

[node name="Signal4" type="Spatial" parent="Signals" groups=["Signal"] instance=ExtResource( 12 )]
transform = Transform( 0.997779, 0, -0.0666163, 0, 1, 0, 0.0666163, 0, 0.997779, 1389.5, 0, 152.803 )
script = ExtResource( 6 )
signal_type = 3
status = 0
set_pass_at_h = 12
set_pass_at_m = 1
set_pass_at_s = 0
speed = 80.0
is_block_signal = false
visual_instance_path = "res://Resources/SignalTypes/Ks/Ks.tscn"
attached_rail = "Rail2"
forward = true
on_rail_position = 400

[node name="Signal5" type="Spatial" parent="Signals" groups=["Signal"] instance=ExtResource( 12 )]
transform = Transform( 0.997779, 0, 0.0666183, 0, 1, 0, -0.0666183, 0, 0.997779, 1789.21, 0, 152.802 )
script = ExtResource( 6 )
signal_type = 3
status = 0
set_pass_at_h = 25
set_pass_at_m = 0
set_pass_at_s = 0
speed = -1.0
is_block_signal = false
visual_instance_path = "res://Resources/SignalTypes/Ks/Ks.tscn"
attached_rail = "Rail2"
forward = true
on_rail_position = 800

[node name="City2" type="Spatial" parent="Signals" groups=["Signal"] instance=ExtResource( 17 )]
transform = Transform( 0.999999, 1.45409e-05, -0.00166622, 0, 0.999962, 0.00872654, 0.00166626, -0.00872652, 0.999961, 1584.35, 0, 159.463 )
script = ExtResource( 4 )
stationLength = 200
platform_side = 1
personSystem = true
platformHeight = 1.2
platformStart = 2.5
platformEnd = 4.5
attached_rail = "Rail2"
on_rail_position = 595.0
forward = true

[node name="Rails" type="Spatial" parent="."]

[node name="Rail" type="Spatial" parent="Rails" groups=["Rail"] instance=ExtResource( 2 )]
script = ExtResource( 3 )
__meta__ = {
"chunk_pos": Vector3( 0, 0, 0 )
}
rail_type_path = "res://Resources/RailTypes/Default.tscn"
length = 1000.0
radius = -5000.0
buildDistance = 0.9
visibleSegments = 1112
manualMoving = false
startrot = 0.0
endrot = -11.4592
startpos = Vector3( 0, 0, 0 )
endpos = Vector3( 993.347, 0, 99.667 )
startSlope = 0.0
endSlope = 0.0
startTend = 0.0
tend1Pos = 50.0
tend1 = -0.3
tend2Pos = 950.0
tend2 = -0.3
endTend = 0.0
automaticTendency = true
parallelRail = ""
distanceToParallelRail = 0.0
overheadLine = true
isSwitchPart = [ "", "" ]

[node name="Rail2" type="Spatial" parent="Rails" groups=["Rail"] instance=ExtResource( 2 )]
transform = Transform( 0.980067, 0, -0.198669, 0, 1, 0, 0.198669, 0, 0.980067, 993.347, 0, 99.667 )
script = ExtResource( 3 )
__meta__ = {
"chunk_pos": Vector3( 0, 0, 0 )
}
rail_type_path = "res://Resources/RailTypes/Default.tscn"
length = 1000.0
radius = 3000.0
buildDistance = 0.9
visibleSegments = 1112
manualMoving = false
startrot = -11.4591
endrot = 7.63946
startpos = Vector3( 993.347, 0, 99.667 )
endpos = Vector3( 1988.17, 0, 132.84 )
startSlope = 0.0
endSlope = 0.0
startTend = 0.0
tend1Pos = 50.0
tend1 = 0.5
tend2Pos = 950.0
tend2 = 0.5
endTend = 0.0
automaticTendency = true
parallelRail = ""
distanceToParallelRail = 0.0
overheadLine = true
isSwitchPart = [ "", "" ]

[node name="Buildings" type="Spatial" parent="."]

[node name="Flora" type="Spatial" parent="."]

[node name="TrackObjects" type="Spatial" parent="."]

[node name="Landscape" type="Spatial" parent="."]

[node name="Chunks" type="Spatial" parent="."]
