[gd_scene load_steps=10 format=2]

[ext_resource path="res://Resources/Basic/BasicWorldEnviroment.tres" type="Environment" id=1]
[ext_resource path="res://addons/Libre_Train_Sim_Editor/Data/Modules/Rail.tscn" type="PackedScene" id=2]
[ext_resource path="res://Resources/Basic/Grass.material" type="Material" id=3]
[ext_resource path="res://addons/Libre_Train_Sim_Editor/Data/Scripts/World.gd" type="Script" id=5]
[ext_resource path="res://Resources/Basic/grass.obj" type="ArrayMesh" id=7]
[ext_resource path="res://Worlds/Tutorials/TutorialScript.gd" type="Script" id=10]
[ext_resource path="res://addons/Libre_Train_Sim_Editor/Data/Modules/Signal.tscn" type="PackedScene" id=12]
[ext_resource path="res://addons/Libre_Train_Sim_Editor/Data/Modules/Station.tscn" type="PackedScene" id=17]
[ext_resource path="res://Resources/Basic/BasicSun.tscn" type="PackedScene" id=18]

[node name="World" type="Spatial"]
script = ExtResource( 5 )
FileName = "Tutorials"
editorAllObjectsUnloaded = true

[node name="DirectionalLight" parent="." instance=ExtResource( 18 )]
shadow_enabled = false

[node name="WorldEnvironment" type="WorldEnvironment" parent="."]
environment = ExtResource( 1 )

[node name="Players" type="Spatial" parent="."]

[node name="Grass" type="Spatial" parent="."]

[node name="grass" type="MeshInstance" parent="Grass"]
transform = Transform( 1, 0, 0, 0, 1, 0, 0, 0, 1, 0, -0.515472, 0 )
material_override = ExtResource( 3 )
mesh = ExtResource( 7 )
material/0 = null

[node name="Signals" type="Spatial" parent="."]

[node name="City1" parent="Signals" instance=ExtResource( 17 )]
stationLength = 200
platformSide = 1
attachedRail = "Rail"
onRailPosition = 0
update = false
forward = true

[node name="Signal" parent="Signals" instance=ExtResource( 12 )]
transform = Transform( 0.999118, 0, -0.0419877, 0, 1, 0, 0.0419877, 0, 0.999118, 209.938, 0, 4.40918 )
status = 0
setPassAtH = 12
setPassAtM = 0
setPassAtS = 5
speed = 140
forward = true
blockSignal = false
attachedRail = "Rail"
onRailPosition = 210
update = false

[node name="Signal2" parent="Signals" instance=ExtResource( 12 )]
transform = Transform( 0.996802, 0, -0.0799147, 0, 1, 0, 0.0799147, 0, 0.996802, 399.573, 0, 15.9917 )
status = 1
setPassAtH = 25
setPassAtM = 0
setPassAtS = 45
speed = -1
forward = true
blockSignal = false
attachedRail = "Rail"
onRailPosition = 400
update = false

[node name="Signal3" parent="Signals" instance=ExtResource( 12 )]
transform = Transform( 0.987227, 0, -0.159318, 0, 1, 0, 0.159318, 0, 0.987227, 796.591, 0, 63.8638 )
status = 1
setPassAtH = 12
setPassAtM = 0
setPassAtS = 50
speed = -1
forward = true
blockSignal = false
attachedRail = "Rail"
onRailPosition = 800
update = false

[node name="Signal4" parent="Signals" instance=ExtResource( 12 )]
transform = Transform( 0.997779, 0, -0.0666163, 0, 1, 0, 0.0666163, 0, 0.997779, 1389.5, 0, 152.803 )
status = 1
setPassAtH = 12
setPassAtM = 1
setPassAtS = 0
speed = 80
forward = true
blockSignal = false
attachedRail = "Rail2"
onRailPosition = 400
update = false

[node name="Signal5" parent="Signals" instance=ExtResource( 12 )]
transform = Transform( 0.997779, 0, 0.0666183, 0, 1, 0, -0.0666183, 0, 0.997779, 1789.21, 0, 152.802 )
status = 0
setPassAtH = 25
setPassAtM = 0
setPassAtS = 0
speed = -1
forward = true
blockSignal = false
attachedRail = "Rail2"
onRailPosition = 800
update = false

[node name="City2" parent="Signals" instance=ExtResource( 17 )]
transform = Transform( 0.980067, 0, -0.198669, 0, 1, 0, 0.198669, 0, 0.980067, 1589.35, 0, 159.467 )
stationLength = 200
platformSide = 1
attachedRail = "Rail2"
onRailPosition = 600
update = false
forward = true

[node name="Rails" type="Spatial" parent="."]

[node name="Rail" parent="Rails" instance=ExtResource( 2 )]
length = 1000.0
radius = -5000.0
visibleSegments = 1112.11
endrot = -11.4592
endpos = Vector3( 993.347, 0, 99.667 )
otherRadius = -5004.5
otherLength = 1000.9
Outlength = 1000.0
startTend = -3.0
tend1Pos = 50
tend1 = -0.3
tend2Pos = 950.0
tend2 = -0.3
automaticTendency = true

[node name="Rail2" parent="Rails" instance=ExtResource( 2 )]
transform = Transform( 0.980067, 0, -0.198669, 0, 1, 0, 0.198669, 0, 0.980067, 993.347, 0, 99.667 )
length = 1000.0
radius = 3000.0
visibleSegments = 1112.11
startrot = -11.4591
endrot = 7.63946
startpos = Vector3( 993.347, 0, 99.667 )
endpos = Vector3( 1988.17, 0, 132.84 )
otherRadius = 2995.5
otherLength = 998.5
Outlength = 116.197
tend1Pos = 50
tend1 = 0.5
tend2Pos = 950.0
tend2 = 0.5
endTend = 3.0
automaticTendency = true

[node name="Buildings" type="Spatial" parent="."]

[node name="Flora" type="Spatial" parent="."]

[node name="TrackObjects" type="Spatial" parent="."]

[node name="Node" type="Node" parent="."]
script = ExtResource( 10 )
