[gd_scene load_steps=9 format=2]

[ext_resource path="res://Resources/Environments/BasicWorldEnvironment.tres" type="Environment" id=1]
[ext_resource path="res://Data/Modules/Rail.tscn" type="PackedScene" id=2]
[ext_resource path="res://Data/Scripts/World.gd" type="Script" id=5]
[ext_resource path="res://Worlds/Tutorials/TutorialScript.gd" type="Script" id=10]
[ext_resource path="res://addons/jean28518.jTools/jSaveManager/jSaveModule.tscn" type="PackedScene" id=11]
[ext_resource path="res://Data/Modules/Signal.tscn" type="PackedScene" id=12]
[ext_resource path="res://Data/Modules/Station.tscn" type="PackedScene" id=17]
[ext_resource path="res://Resources/Environments/BasicSun.tscn" type="PackedScene" id=18]

[node name="World" type="Spatial"]
script = ExtResource( 5 )
FileName = "Tutorials"

[node name="DirectionalLight" parent="." instance=ExtResource( 18 )]

[node name="WorldEnvironment" type="WorldEnvironment" parent="."]
environment = ExtResource( 1 )

[node name="Players" type="Spatial" parent="."]

[node name="Signals" type="Spatial" parent="."]

[node name="City1" parent="Signals" instance=ExtResource( 17 )]
stationLength = 200
platform_side = 2
attached_rail = "Rail"

[node name="Signal" parent="Signals" instance=ExtResource( 12 )]
transform = Transform( 0.999118, 0, -0.0419877, 0, 1, 0, 0.0419877, 0, 0.999118, 209.938, 0, 4.40918 )
signal_type = null
status = null
set_pass_at_h = 12
set_pass_at_m = null
set_pass_at_s = 5
speed = 140
is_block_signal = null
attached_rail = "Rail"
forward = null
on_rail_position = 210

[node name="Signal2" parent="Signals" instance=ExtResource( 12 )]
transform = Transform( 0.996802, 0, -0.0799147, 0, 1, 0, 0.0799147, 0, 0.996802, 399.573, 0, 15.9917 )
signal_type = null
status = 1
set_pass_at_h = 12
set_pass_at_m = null
set_pass_at_s = 45
speed = null
is_block_signal = true
attached_rail = "Rail"
forward = null
on_rail_position = 400

[node name="Signal3" parent="Signals" instance=ExtResource( 12 )]
transform = Transform( 0.987227, 0, -0.159318, 0, 1, 0, 0.159318, 0, 0.987227, 796.591, 0, 63.8638 )
signal_type = null
status = 1
set_pass_at_h = 12
set_pass_at_m = null
set_pass_at_s = 50
speed = null
is_block_signal = true
attached_rail = "Rail"
forward = null
on_rail_position = 800

[node name="Signal4" parent="Signals" instance=ExtResource( 12 )]
transform = Transform( 0.997779, 0, -0.0666163, 0, 1, 0, 0.0666163, 0, 0.997779, 1389.5, 0, 152.803 )
signal_type = null
status = null
set_pass_at_h = 12
set_pass_at_m = 1
set_pass_at_s = null
speed = 80
is_block_signal = null
attached_rail = "Rail2"
forward = null
on_rail_position = 400

[node name="Signal5" parent="Signals" instance=ExtResource( 12 )]
transform = Transform( 0.997779, 0, 0.0666183, 0, 1, 0, -0.0666183, 0, 0.997779, 1789.21, 0, 152.802 )
signal_type = null
status = null
set_pass_at_m = null
set_pass_at_s = null
speed = null
is_block_signal = null
attached_rail = "Rail2"
forward = null
on_rail_position = 800

[node name="City2" parent="Signals" instance=ExtResource( 17 )]
transform = Transform( 0.999999, 1.45409e-05, -0.00166622, 0, 0.999962, 0.00872654, 0.00166626, -0.00872652, 0.999961, 1584.35, 0, 159.463 )
stationLength = 200
platform_side = 1
attached_rail = "Rail2"
on_rail_position = 595

[node name="Rails" type="Spatial" parent="."]

[node name="Rail" parent="Rails" instance=ExtResource( 2 )]
visible = false
length = 1000.0
radius = -5000.0
endrot = -11.4592
endpos = Vector3( 993.347, 0, 99.667 )
tend1 = -0.3
tend2Pos = 950.0
tend2 = -0.3
automaticTendency = true
isSwitchPart = [ "", "" ]

[node name="Rail2" parent="Rails" instance=ExtResource( 2 )]
transform = Transform( 0.980067, 0, -0.198669, 0, 1, 0, 0.198669, 0, 0.980067, 993.347, 0, 99.667 )
visible = false
length = 1000.0
radius = 3000.0
startrot = -11.4591
endrot = 7.63946
startpos = Vector3( 993.347, 0, 99.667 )
endpos = Vector3( 1988.17, 0, 132.84 )
tend1 = 0.5
tend2Pos = 950.0
tend2 = 0.5
automaticTendency = true
isSwitchPart = [ "", "" ]

[node name="Buildings" type="Spatial" parent="."]

[node name="Flora" type="Spatial" parent="."]

[node name="TrackObjects" type="Spatial" parent="."]

[node name="Sctipting" type="Node" parent="."]
script = ExtResource( 10 )

[node name="jSaveModule" parent="." instance=ExtResource( 11 )]
save_path = "res://Worlds/Tutorials/Tutorials.save"

[node name="jSaveModuleScenarios" parent="." instance=ExtResource( 11 )]
