[Chunks]

allChunks=[ "0,0", "1,1", "1,0", "1,-1", "0,1", "0,-1", "-1,1", "-1,0", "-1,-1", "2,1", "2,0", "2,-1", "3,1", "3,0", "3,-1", "4,1", "4,0", "4,-1", "5,1", "5,0", "5,-1", "6,1", "6,0", "6,-1", "7,2", "7,1", "7,0", "6,2", "5,2", "8,2", "8,1", "8,0", "8,3", "7,3", "6,3", "9,3", "9,2", "9,1", "10,3", "10,2", "10,1", "11,3", "11,2", "11,1", "11,4", "10,4", "9,4", "12,4", "12,3", "12,2", "13,5", "13,4", "13,3", "12,5", "11,5", "14,6", "14,5", "14,4", "13,6", "12,6", "15,6", "15,5", "15,4", "15,7", "14,7", "13,7", "16,7", "16,6", "16,5", "17,8", "17,7", "17,6", "16,8", "15,8", "18,8", "18,7", "18,6", "19,9", "19,8", "19,7", "18,9", "17,9", "19,6", "20,8", "20,7", "20,6", "21,8", "21,7", "21,6", "22,9", "22,8", "22,7", "21,9", "20,9", "23,9", "23,8", "23,7", "24,9", "24,8", "24,7", "25,9", "25,8", "25,7", "26,9", "26,8", "26,7" ]
0,0={
"Buildings": {

},
"Flora": {

},
"Rails": {
"Rail": {
"buildDistance": 0.9,
"length": 350.0,
"name": "Rail",
"radius": 0.0,
"transform": Transform( 0.991335, 0, -0.131357, 0, 1, 0, 0.131357, 0, 0.991335, -20.1784, 3.8147e-06, -24.4521 )
},
"RailP": {
"buildDistance": 0.9,
"length": 350.0,
"name": "RailP",
"radius": 0,
"transform": Transform( 0.991335, 0, -0.131357, 0, 1, 0, 0.131357, 0, 0.991335, -20.7695, 3.8147e-06, -19.9911 )
},
"RailP2": {
"buildDistance": 0.9,
"length": 200.0,
"name": "RailP2",
"radius": 450.0,
"transform": Transform( 0.991335, 0, -0.131357, 0, 1, 0, 0.131357, 0, 0.991335, 326.198, 3.8147e-06, 25.9838 )
},
"RailP2P": {
"buildDistance": 0.9,
"length": 198.0,
"name": "RailP2P",
"radius": 445.5,
"transform": Transform( 0.991335, 0, -0.131357, 0, 1, 0, 0.131357, 0, 0.991335, 326.789, 3.8147e-06, 21.5228 )
},
"RailP2PConnector": {
"buildDistance": 0.9,
"length": 100.034,
"name": "RailP2PConnector",
"radius": -2223.43,
"transform": Transform( 0.951504, 0, 0.307635, 0, 1, 0, -0.307635, 0, 0.951504, 522.36, 3.8147e-06, 3.77819 )
},
"RailP3": {
"buildDistance": 0.9,
"length": 200.0,
"name": "RailP3",
"radius": 0.0,
"transform": Transform( 0.951504, 0, 0.307635, 0, 1, 0, -0.307635, 0, 0.951504, 523.744, 3.8147e-06, 8.05989 )
},
"RailP3Connector": {
"buildDistance": 0.9,
"length": 21.292,
"name": "RailP3Connector",
"radius": 980.327,
"transform": Transform( 0.958327, 0, 0.285672, 0, 1, 0, -0.285672, 0, 0.958327, 503.407, 3.8147e-06, 14.3635 )
},
"RailP4": {
"buildDistance": 0.9,
"length": 200.0,
"name": "RailP4",
"radius": 500.0,
"transform": Transform( 0.951504, 0, 0.307635, 0, 1, 0, -0.307635, 0, 0.951504, 714.045, 3.8147e-06, -53.4671 )
},
"RailP4Connector": {
"buildDistance": 0.9,
"length": 100.034,
"name": "RailP4Connector",
"radius": 2223.43,
"transform": Transform( 0.964378, 0, 0.264529, 0, 1, 0, -0.264529, 0, 0.964378, 618.203, 3.8147e-06, -24.8446 )
},
"RailP5": {
"buildDistance": 0.9,
"length": 700.0,
"name": "RailP5",
"radius": -600.0,
"transform": Transform( 0.756595, 0, 0.653884, 0, 1, 0, -0.653884, 0, 0.756595, 887.169, 3.8147e-06, -150.922 )
},
"RailPP": {
"buildDistance": 0.9,
"length": 350.0,
"name": "RailPP",
"radius": 0.0,
"transform": Transform( 0.991335, 0, -0.131357, 0, 1, 0, 0.131357, 0, 0.991335, -21.9517, 3.8147e-06, -11.0691 )
},
"RailPPConnector": {
"buildDistance": 0.9,
"length": 160.0,
"name": "RailPPConnector",
"radius": 361.039,
"transform": Transform( 0.991335, 0, -0.131357, 0, 1, 0, 0.131357, 0, 0.991335, 325.016, 3.8147e-06, 34.9058 )
},
"RailPPConnectorConnector": {
"buildDistance": 0.9,
"length": 21.292,
"name": "RailPPConnectorConnector",
"radius": -980.327,
"transform": Transform( 0.951897, 0, 0.306417, 0, 1, 0, -0.306417, 0, 0.951897, 483.07, 3.8147e-06, 20.6672 )
}
},
"Signals": {

},
"position": Vector3( 0, 0, 0 )
}
1,1={
"Buildings": {

},
"Flora": {

},
"Rails": {

},
"Signals": {

},
"position": Vector3( 1, 0, 1 )
}
1,0={
"Buildings": {

},
"Flora": {

},
"Rails": {
"RailP6": {
"buildDistance": 0.9,
"length": 400.0,
"name": "RailP6",
"radius": 0.0,
"transform": Transform( 0.898718, 0, -0.438528, 0, 1, 0, 0.438528, 0, 0.898718, 1542.62, 3.8147e-06, -236.196 )
},
"RailP7": {
"buildDistance": 0.9,
"length": 400.0,
"name": "RailP7",
"radius": 2000.0,
"transform": Transform( 0.898718, 0, -0.438528, 0, 1, 0, 0.438528, 0, 0.898718, 1902.1, 3.8147e-06, -60.7843 )
}
},
"Signals": {

},
"position": Vector3( 1, 0, 0 )
}
1,-1={
"Buildings": {

},
"Flora": {

},
"Rails": {

},
"Signals": {

},
"position": Vector3( 1, 0, -1 )
}
0,1={
"Buildings": {

},
"Flora": {

},
"Rails": {

},
"Signals": {

},
"position": Vector3( 0, 0, 1 )
}
0,-1={
"Buildings": {

},
"Flora": {

},
"Rails": {

},
"Signals": {

},
"position": Vector3( 0, 0, -1 )
}
-1,1={
"Buildings": {

},
"Flora": {

},
"Rails": {

},
"Signals": {

},
"position": Vector3( -1, 0, 1 )
}
-1,0={
"Buildings": {

},
"Flora": {

},
"Rails": {

},
"Signals": {

},
"position": Vector3( -1, 0, 0 )
}
-1,-1={
"Buildings": {

},
"Flora": {

},
"Rails": {

},
"Signals": {

},
"position": Vector3( -1, 0, -1 )
}
2,1={
"Buildings": {

},
"Flora": {

},
"Rails": {

},
"Signals": {

},
"position": Vector3( 2, 0, 1 )
}
2,0={
"Buildings": {

},
"Flora": {

},
"Rails": {
"RailP10": {
"buildDistance": 0.9,
"length": 500.0,
"name": "RailP10",
"radius": 300.0,
"transform": Transform( 0.898718, 0, -0.438528, 0, 1, 0, 0.438528, 0, 0.898718, 2778.52, 3.8147e-06, 300.323 )
},
"RailP8": {
"buildDistance": 0.9,
"length": 200.0,
"name": "RailP8",
"radius": -1000.0,
"transform": Transform( 0.967925, 0, -0.251239, 0, 1, 0, 0.251239, 0, 0.967925, 2276.68, 3.8147e-06, 77.6308 )
},
"RailP9": {
"buildDistance": 0.9,
"length": 350.0,
"name": "RailP9",
"radius": 0.0,
"transform": Transform( 0.898718, 0, -0.438528, 0, 1, 0, 0.438528, 0, 0.898718, 2463.97, 3.8147e-06, 146.838 )
}
},
"Signals": {

},
"position": Vector3( 2, 0, 0 )
}
2,-1={
"Buildings": {

},
"Flora": {

},
"Rails": {

},
"Signals": {

},
"position": Vector3( 2, 0, -1 )
}
3,1={
"Buildings": {

},
"Flora": {

},
"Rails": {

},
"Signals": {

},
"position": Vector3( 3, 0, 1 )
}
3,0={
"Buildings": {

},
"Flora": {

},
"Rails": {
"Icking2": {
"buildDistance": 0.9,
"length": 498.875,
"name": "Icking2",
"radius": -1995.5,
"transform": Transform( 0.893433, 0, -0.449196, 0, 1, 0, 0.449196, 0, 0.893433, 3653.27, 3.8147e-06, 77.8702 )
},
"Icking2P": {
"buildDistance": 0.9,
"length": 500.0,
"name": "Icking2P",
"radius": -2000.0,
"transform": Transform( 0.893433, 0, -0.449196, 0, 1, 0, 0.449196, 0, 0.893433, 3655.29, 3.8147e-06, 73.8497 )
},
"RailP11": {
"buildDistance": 0.9,
"length": 400.0,
"name": "RailP11",
"radius": -238.298,
"transform": Transform( 0.350486, 0, 0.936568, 0, 1, 0, -0.936568, 0, 0.350486, 3191.05, 3.8147e-06, 135.854 )
},
"RailP12": {
"buildDistance": 0.9,
"length": 50.0,
"name": "RailP12",
"radius": 0.0,
"transform": Transform( 0.893433, 0, -0.449196, 0, 1, 0, 0.449196, 0, 0.893433, 3521.27, 3.8147e-06, 6.47038 )
},
"RailP12Connector": {
"buildDistance": 0.9,
"length": 50.0674,
"name": "RailP12Connector",
"radius": -556.667,
"transform": Transform( 0.893433, 0, -0.449196, 0, 1, 0, 0.449196, 0, 0.893433, 3565.95, 3.8147e-06, 28.9302 )
},
"RailP13": {
"buildDistance": 0.9,
"length": 100.0,
"name": "RailP13",
"radius": 0.0,
"transform": Transform( 0.893433, 0, -0.449196, 0, 1, 0, 0.449196, 0, 0.893433, 3565.95, 3.8147e-06, 28.9302 )
},
"RailP14PConnector": {
"buildDistance": 0.9,
"length": 50.0674,
"name": "RailP14PConnector",
"radius": 556.667,
"transform": Transform( 0.849475, 0, -0.527628, 0, 1, 0, 0.527628, 0, 0.849475, 3609.61, 3.8147e-06, 53.4002 )
}
},
"Signals": {

},
"position": Vector3( 3, 0, 0 )
}
3,-1={
"Buildings": {

},
"Flora": {

},
"Rails": {

},
"Signals": {

},
"position": Vector3( 3, 0, -1 )
}
4,1={
"Buildings": {

},
"Flora": {

},
"Rails": {

},
"Signals": {

},
"position": Vector3( 4, 0, 1 )
}
4,0={
"Buildings": {

},
"Flora": {

},
"Rails": {
"Icking2P2": {
"buildDistance": 0.9,
"length": 100.0,
"name": "Icking2P2",
"radius": 1000.0,
"transform": Transform( 0.754526, 0, -0.65627, 0, 1, 0, 0.65627, 0, 0.754526, 4069.44, 3.8147e-06, 351.665 )
},
"Icking2P2Connector": {
"buildDistance": 0.9,
"length": 49.9925,
"name": "Icking2P2Connector",
"radius": -263.027,
"transform": Transform( 0.816274, 0, -0.577665, 0, 1, 0, 0.577665, 0, 0.816274, 4148.04, 3.8147e-06, 413.413 )
},
"Icking3": {
"buildDistance": 0.9,
"length": 200.0,
"name": "Icking3",
"radius": 2000.0,
"transform": Transform( 0.754526, 0, -0.65627, 0, 1, 0, 0.65627, 0, 0.754526, 4066.49, 3.8147e-06, 355.06 )
},
"Icking4": {
"buildDistance": 0.9,
"length": 200.0,
"name": "Icking4",
"radius": 2000.0,
"transform": Transform( 0.816274, 0, -0.577665, 0, 1, 0, 0.577665, 0, 0.816274, 4223.7, 3.8147e-06, 478.556 )
},
"Icking4Connector": {
"buildDistance": 0.9,
"length": 49.9925,
"name": "Icking4Connector",
"radius": 263.027,
"transform": Transform( 0.69244, 0, -0.721476, 0, 1, 0, 0.721476, 0, 0.69244, 4185.87, 3.8147e-06, 445.985 )
},
"Icking5": {
"buildDistance": 0.9,
"length": 300.0,
"name": "Icking5",
"radius": -5000.0,
"transform": Transform( 0.869866, 0, -0.493288, 0, 1, 0, 0.493288, 0, 0.869866, 4392.46, 3.8147e-06, 585.741 )
},
"Icking6": {
"buildDistance": 0.9,
"length": 500.0,
"name": "Icking6",
"radius": 2000.0,
"transform": Transform( 0.838722, 0, -0.544561, 0, 1, 0, 0.544561, 0, 0.838722, 4648.82, 3.8147e-06, 741.465 )
}
},
"Signals": {

},
"position": Vector3( 4, 0, 0 )
}
4,-1={
"Buildings": {

},
"Flora": {

},
"Rails": {

},
"Signals": {

},
"position": Vector3( 4, 0, -1 )
}
5,1={
"Buildings": {

},
"Flora": {

},
"Rails": {

},
"Signals": {

},
"position": Vector3( 5, 0, 1 )
}
5,0={
"Buildings": {

},
"Flora": {

},
"Rails": {
"Icking7": {
"buildDistance": 0.9,
"length": 1000.0,
"name": "Icking7",
"radius": 10000.0,
"transform": Transform( 0.947374, 0, -0.320129, 0, 1, 0, 0.320129, 0, 0.947374, 5097.68, 3.8147e-06, 958.77 )
}
},
"Signals": {

},
"position": Vector3( 5, 0, 0 )
}
5,-1={
"Buildings": {

},
"Flora": {

},
"Rails": {

},
"Signals": {

},
"position": Vector3( 5, 0, -1 )
}
6,1={
"Buildings": {

},
"Flora": {

},
"Rails": {
"Icking10": {
"buildDistance": 0.9,
"length": 700.0,
"name": "Icking10",
"radius": 50000.0,
"transform": Transform( 0.952578, 0, -0.304295, 0, 1, 0, 0.304295, 0, 0.952578, 6611.01, 3.8147e-06, 1559.25 )
},
"Icking8": {
"buildDistance": 0.9,
"length": 350.0,
"name": "Icking8",
"radius": -600.0,
"transform": Transform( 0.974601, 0, -0.22395, 0, 1, 0, 0.22395, 0, 0.974601, 6059.47, 3.8147e-06, 1231.04 )
},
"Icking9": {
"buildDistance": 0.9,
"length": 300.0,
"name": "Icking9",
"radius": 600.0,
"transform": Transform( 0.690079, 0, -0.723734, 0, 1, 0, 0.723734, 0, 0.690079, 6359.34, 3.8147e-06, 1401.75 )
}
},
"Signals": {

},
"position": Vector3( 6, 0, 1 )
}
6,0={
"Buildings": {

},
"Flora": {

},
"Rails": {

},
"Signals": {

},
"position": Vector3( 6, 0, 0 )
}
6,-1={
"Buildings": {

},
"Flora": {

},
"Rails": {

},
"Signals": {

},
"position": Vector3( 6, 0, -1 )
}
7,2={
"Buildings": {

},
"Flora": {

},
"Rails": {
"Ebenhausen2": {
"buildDistance": 0.9,
"length": 250.0,
"name": "Ebenhausen2",
"radius": 286.479,
"transform": Transform( 0.589004, 0, -0.80813, 0, 1, 0, 0.80813, 0, 0.589004, 7821.78, 3.8147e-06, 2344.08 )
},
"Ebenhausen4Connector": {
"buildDistance": 0.9,
"length": 47.2158,
"name": "Ebenhausen4Connector",
"radius": 111891.0,
"transform": Transform( 0.588663, 0, -0.808378, 0, 1, 0, 0.808378, 0, 0.588663, 7782.95, 3.8147e-06, 2299.83 )
},
"EbenhausenConnector": {
"buildDistance": 0.9,
"length": 47.2158,
"name": "EbenhausenConnector",
"radius": -111891.0,
"transform": Transform( 0.589004, 0, -0.80813, 0, 1, 0, 0.80813, 0, 0.589004, 7755.15, 3.8147e-06, 2261.67 )
}
},
"Signals": {

},
"position": Vector3( 7, 0, 2 )
}
7,1={
"Buildings": {

},
"Flora": {

},
"Rails": {
"Ebenhausen": {
"buildDistance": 0.9,
"length": 400.0,
"name": "Ebenhausen",
"radius": 0,
"transform": Transform( 0.589004, 0, -0.80813, 0, 1, 0, 0.80813, 0, 0.589004, 7519.55, 3.8147e-06, 1938.42 )
},
"Icking11": {
"buildDistance": 0.9,
"length": 300.0,
"name": "Icking11",
"radius": -464.56,
"transform": Transform( 0.956744, 0, -0.29093, 0, 1, 0, 0.29093, 0, 0.956744, 7279.28, 3.8147e-06, 1767.58 )
},
"Icking12": {
"buildDistance": 0.9,
"length": 317.0,
"name": "Icking12",
"radius": -490.885,
"transform": Transform( 0.956744, 0, -0.29093, 0, 1, 0, 0.29093, 0, 0.956744, 7279.28, 3.8147e-06, 1767.58 )
},
"Icking13": {
"buildDistance": 0.9,
"length": 490.0,
"name": "Icking13",
"radius": 0,
"transform": Transform( 0.589004, 0, -0.80813, 0, 1, 0, 0.80813, 0, 0.589004, 7533.17, 3.8147e-06, 1948.1 )
}
},
"Signals": {

},
"position": Vector3( 7, 0, 1 )
}
7,0={
"Buildings": {

},
"Flora": {

},
"Rails": {

},
"Signals": {

},
"position": Vector3( 7, 0, 0 )
}
6,2={
"Buildings": {

},
"Flora": {

},
"Rails": {

},
"Signals": {

},
"position": Vector3( 6, 0, 2 )
}
5,2={
"Buildings": {

},
"Flora": {

},
"Rails": {

},
"Signals": {

},
"position": Vector3( 5, 0, 2 )
}
8,2={
"Buildings": {

},
"Flora": {

},
"Rails": {
"Ebenhausen3": {
"buildDistance": 0.9,
"length": 250.0,
"name": "Ebenhausen3",
"radius": 954.93,
"transform": Transform( 0.997668, 0, -0.0682525, 0, 1, 0, 0.0682525, 0, 0.997668, 8033.74, 3.8147e-06, 2461.16 )
},
"Ebenhausen4": {
"buildDistance": 0.9,
"length": 263.0,
"name": "Ebenhausen4",
"radius": -301.376,
"transform": Transform( -0.997668, 0, 0.0682523, 0, 1, 0, -0.0682523, 0, -0.997668, 8033.74, 3.8147e-06, 2461.16 )
},
"Ebenhausen5": {
"buildDistance": 0.9,
"length": 150.0,
"name": "Ebenhausen5",
"radius": 1074.3,
"transform": Transform( 0.981338, 0, 0.192289, 0, 1, 0, -0.192289, 0, 0.981338, 8282.54, 3.8147e-06, 2445.57 )
},
"Ebenhausen6": {
"buildDistance": 0.9,
"length": 300.0,
"name": "Ebenhausen6",
"radius": 5729.58,
"transform": Transform( 0.945027, 0, 0.326993, 0, 1, 0, -0.326993, 0, 0.945027, 8427.25, 3.8147e-06, 2406.56 )
},
"Ebenhausen7": {
"buildDistance": 0.9,
"length": 300.0,
"name": "Ebenhausen7",
"radius": -343.775,
"transform": Transform( 0.926618, 0, 0.376004, 0, 1, 0, -0.376004, 0, 0.926618, 8708.06, 3.8147e-06, 2301.08 )
},
"Ebenhausen8": {
"buildDistance": 0.9,
"length": 300.0,
"name": "Ebenhausen8",
"radius": -3437.75,
"transform": Transform( 0.883654, 0, -0.46814, 0, 1, 0, 0.46814, 0, 0.883654, 8998.26, 3.8147e-06, 2315.85 )
}
},
"Signals": {

},
"position": Vector3( 8, 0, 2 )
}
8,1={
"Buildings": {

},
"Flora": {

},
"Rails": {

},
"Signals": {

},
"position": Vector3( 8, 0, 1 )
}
8,0={
"Buildings": {

},
"Flora": {

},
"Rails": {

},
"Signals": {

},
"position": Vector3( 8, 0, 0 )
}
8,3={
"Buildings": {

},
"Flora": {

},
"Rails": {

},
"Signals": {

},
"position": Vector3( 8, 0, 3 )
}
7,3={
"Buildings": {

},
"Flora": {

},
"Rails": {

},
"Signals": {

},
"position": Vector3( 7, 0, 3 )
}
6,3={
"Buildings": {

},
"Flora": {

},
"Rails": {

},
"Signals": {

},
"position": Vector3( 6, 0, 3 )
}
9,3={
"Buildings": {

},
"Flora": {

},
"Rails": {

},
"Signals": {

},
"position": Vector3( 9, 0, 3 )
}
9,2={
"Buildings": {

},
"Flora": {

},
"Rails": {
"Ebenhausen10": {
"buildDistance": 0.9,
"length": 300.0,
"name": "Ebenhausen10",
"radius": 687.549,
"transform": Transform( 0.899454, 0, -0.437016, 0, 1, 0, 0.437016, 0, 0.899454, 9518.06, 3.8147e-06, 2614.92 )
},
"Ebenhausen11": {
"buildDistance": 0.9,
"length": 400.0,
"name": "Ebenhausen11",
"radius": -603.113,
"transform": Transform( 0.999873, 0, -0.0159451, 0, 1, 0, 0.0159451, 0, 0.999873, 9807.57, 3.8147e-06, 2683.96 )
},
"Ebenhausen9": {
"buildDistance": 0.9,
"length": 300.0,
"name": "Ebenhausen9",
"radius": 2455.53,
"transform": Transform( 0.839491, 0, -0.543374, 0, 1, 0, 0.543374, 0, 0.839491, 9256.89, 3.8147e-06, 2467.68 )
}
},
"Signals": {

},
"position": Vector3( 9, 0, 2 )
}
9,1={
"Buildings": {

},
"Flora": {

},
"Rails": {

},
"Signals": {

},
"position": Vector3( 9, 0, 1 )
}
10,3={
"Buildings": {

},
"Flora": {

},
"Rails": {
"Ebenhausen13": {
"buildDistance": 0.9,
"length": 400.0,
"name": "Ebenhausen13",
"radius": 509.296,
"transform": Transform( 0.720386, 0, -0.693573, 0, 1, 0, 0.693573, 0, 0.720386, 10476.7, 3.8147e-06, 3082.23 )
},
"Ebenhausen14": {
"buildDistance": 0.9,
"length": 100.0,
"name": "Ebenhausen14",
"radius": -572.958,
"transform": Transform( 0.99982, 0, 0.0189596, 0, 1, 0, -0.0189596, 0, 0.99982, 10839.6, 3.8147e-06, 3224.55 )
},
"Ebenhausen15": {
"buildDistance": 0.9,
"length": 500.0,
"name": "Ebenhausen15",
"radius": -5729.58,
"transform": Transform( 0.987923, 0, -0.154945, 0, 1, 0, 0.154945, 0, 0.987923, 10939.2, 3.8147e-06, 3231.36 )
}
},
"Signals": {

},
"position": Vector3( 10, 0, 3 )
}
10,2={
"Buildings": {

},
"Flora": {

},
"Rails": {
"Ebenhausen12": {
"buildDistance": 0.9,
"length": 400.0,
"name": "Ebenhausen12",
"radius": -4583.66,
"transform": Transform( 0.778094, 0, -0.628148, 0, 1, 0, 0.628148, 0, 0.778094, 10176.8, 3.8147e-06, 2817.72 )
}
},
"Signals": {

},
"position": Vector3( 10, 0, 2 )
}
10,1={
"Buildings": {

},
"Flora": {

},
"Rails": {

},
"Signals": {

},
"position": Vector3( 10, 0, 1 )
}
11,3={
"Buildings": {

},
"Flora": {

},
"Rails": {
"Ebenhausen16": {
"buildDistance": 0.9,
"length": 400.0,
"name": "Ebenhausen16",
"radius": -509.296,
"transform": Transform( 0.970659, 0, -0.240459, 0, 1, 0, 0.240459, 0, 0.970659, 11429.2, 3.8147e-06, 3330.28 )
},
"Ebenhausen17": {
"buildDistance": 0.9,
"length": 300.0,
"name": "Ebenhausen17",
"radius": 0,
"transform": Transform( 0.51633, 0, -0.85639, 0, 1, 0, 0.85639, 0, 0.51633, 11742.9, 3.8147e-06, 3561.66 )
},
"Ebenhausen18": {
"buildDistance": 0.9,
"length": 300.0,
"name": "Ebenhausen18",
"radius": 572.958,
"transform": Transform( 0.51633, 0, -0.85639, 0, 1, 0, 0.85639, 0, 0.51633, 11897.8, 3.8147e-06, 3818.58 )
}
},
"Signals": {

},
"position": Vector3( 11, 0, 3 )
}
11,2={
"Buildings": {

},
"Flora": {

},
"Rails": {

},
"Signals": {

},
"position": Vector3( 11, 0, 2 )
}
11,1={
"Buildings": {

},
"Flora": {

},
"Rails": {

},
"Signals": {

},
"position": Vector3( 11, 0, 1 )
}
11,4={
"Buildings": {

},
"Flora": {

},
"Rails": {

},
"Signals": {

},
"position": Vector3( 11, 0, 4 )
}
10,4={
"Buildings": {

},
"Flora": {

},
"Rails": {

},
"Signals": {

},
"position": Vector3( 10, 0, 4 )
}
9,4={
"Buildings": {

},
"Flora": {

},
"Rails": {

},
"Signals": {

},
"position": Vector3( 9, 0, 4 )
}
12,4={
"Buildings": {

},
"Flora": {

},
"Rails": {
"Ebenhausen19": {
"buildDistance": 0.9,
"length": 350.0,
"name": "Ebenhausen19",
"radius": 0,
"transform": Transform( 0.87535, 0, -0.483491, 0, 1, 0, 0.483491, 0, 0.87535, 12111.4, 3.8147e-06, 4024.28 )
},
"Ebenhausen20": {
"buildDistance": 0.9,
"length": 350.0,
"name": "Ebenhausen20",
"radius": -351.816,
"transform": Transform( 0.87535, 0, -0.483491, 0, 1, 0, 0.483491, 0, 0.87535, 12417.8, 3.8147e-06, 4193.51 )
},
"Ebenhausen21": {
"buildDistance": 0.9,
"length": 360.0,
"name": "Ebenhausen21",
"radius": -361.868,
"transform": Transform( 0.87535, 0, -0.483491, 0, 1, 0, 0.483491, 0, 0.87535, 12417.8, 3.8147e-06, 4193.51 )
},
"Ebenhausen21Connector": {
"buildDistance": 0.9,
"length": 75.1747,
"name": "Ebenhausen21Connector",
"radius": -11708.7,
"transform": Transform( 0.0712602, 0, -0.997458, 0, 1, 0, 0.997458, 0, 0.0712602, 12603.8, 3.8147e-06, 4484.48 )
},
"Ebenhausen22": {
"buildDistance": 0.9,
"length": 150.0,
"name": "Ebenhausen22",
"radius": 0,
"transform": Transform( 0.0712602, 0, -0.997458, 0, 1, 0, 0.997458, 0, 0.0712602, 12598.6, 3.8147e-06, 4476.4 )
},
"Ebenhausen23": {
"buildDistance": 0.9,
"length": 200.0,
"name": "Ebenhausen23",
"radius": 229.183,
"transform": Transform( 0.0712602, 0, -0.997458, 0, 1, 0, 0.997458, 0, 0.0712602, 12609.3, 3.8147e-06, 4626.02 )
},
"Ebenhausen24": {
"buildDistance": 0.9,
"length": 200.0,
"name": "Ebenhausen24",
"radius": 1145.92,
"transform": Transform( 0.809902, 0, -0.586565, 0, 1, 0, 0.586565, 0, 0.809902, 12703.5, 3.8147e-06, 4795.3 )
},
"Ebenhausen25": {
"buildDistance": 0.9,
"length": 190.0,
"name": "Ebenhausen25",
"radius": -217.724,
"transform": Transform( -0.809902, 0, 0.586565, 0, 1, 0, -0.586565, 0, -0.809902, 12703.5, 3.8147e-06, 4795.3 )
},
"Ebenhausen25Connector": {
"buildDistance": 0.9,
"length": 75.1747,
"name": "Ebenhausen25Connector",
"radius": 11708.7,
"transform": Transform( 0.0648548, 0, -0.997895, 0, 1, 0, 0.997895, 0, 0.0648548, 12608.9, 3.8147e-06, 4559.48 )
},
"Ebenhausen26": {
"buildDistance": 0.9,
"length": 400.0,
"name": "Ebenhausen26",
"radius": 0,
"transform": Transform( 0.899454, 0, -0.437016, 0, 1, 0, 0.437016, 0, 0.899454, 12874.8, 3.8147e-06, 4897.92 )
}
},
"Signals": {

},
"position": Vector3( 12, 0, 4 )
}
12,3={
"Buildings": {

},
"Flora": {

},
"Rails": {

},
"Signals": {

},
"position": Vector3( 12, 0, 3 )
}
12,2={
"Buildings": {

},
"Flora": {

},
"Rails": {

},
"Signals": {

},
"position": Vector3( 12, 0, 2 )
}
13,5={
"Buildings": {

},
"Flora": {

},
"Rails": {
"Buchenhain": {
"buildDistance": 0.9,
"length": 300.0,
"name": "Buchenhain",
"radius": -1145.92,
"transform": Transform( 0.899454, 0, -0.437016, 0, 1, 0, 0.437016, 0, 0.899454, 13234.6, 3.8147e-06, 5072.73 )
},
"Buchenhain2": {
"buildDistance": 0.9,
"length": 900.0,
"name": "Buchenhain2",
"radius": -25783.1,
"transform": Transform( 0.755698, 0, -0.654921, 0, 1, 0, 0.654921, 0, 0.755698, 13484.3, 3.8147e-06, 5237.46 )
}
},
"Signals": {

},
"position": Vector3( 13, 0, 5 )
}
13,4={
"Buildings": {

},
"Flora": {

},
"Rails": {

},
"Signals": {

},
"position": Vector3( 13, 0, 4 )
}
13,3={
"Buildings": {

},
"Flora": {

},
"Rails": {

},
"Signals": {

},
"position": Vector3( 13, 0, 3 )
}
12,5={
"Buildings": {

},
"Flora": {

},
"Rails": {

},
"Signals": {

},
"position": Vector3( 12, 0, 5 )
}
11,5={
"Buildings": {

},
"Flora": {

},
"Rails": {

},
"Signals": {

},
"position": Vector3( 11, 0, 5 )
}
14,6={
"Buildings": {

},
"Flora": {

},
"Rails": {
"Höllkriegelsreuth": {
"buildDistance": 0.9,
"length": 300.0,
"name": "Höllkriegelsreuth",
"radius": 5729.58,
"transform": Transform( 0.866778, 0, -0.498694, 0, 1, 0, 0.498694, 0, 0.866778, 14475.2, 3.8147e-06, 6075.57 )
},
"Höllkriegelsreuth2": {
"buildDistance": 0.9,
"length": 150.0,
"name": "Höllkriegelsreuth2",
"radius": 0,
"transform": Transform( 0.89169, 0, -0.452647, 0, 1, 0, 0.452647, 0, 0.89169, 14739.1, 3.8147e-06, 6218.3 )
},
"Höllkriegelsreuth3": {
"buildDistance": 0.9,
"length": 150.0,
"name": "Höllkriegelsreuth3",
"radius": -4297.18,
"transform": Transform( 0.89169, 0, -0.452647, 0, 1, 0, 0.452647, 0, 0.89169, 14872.8, 3.8147e-06, 6286.2 )
},
"Höllkriegelsreuth4": {
"buildDistance": 0.9,
"length": 150.0,
"name": "Höllkriegelsreuth4",
"radius": 4297.18,
"transform": Transform( 0.89169, 0, -0.452647, 0, 1, 0, 0.452647, 0, 0.89169, 14872.8, 3.8147e-06, 6286.2 )
},
"Höllkriegelsreuth4P": {
"buildDistance": 0.9,
"length": 149.843,
"name": "Höllkriegelsreuth4P",
"radius": 4292.68,
"transform": Transform( 0.89169, 0, -0.452647, 0, 1, 0, 0.452647, 0, 0.89169, 14874.9, 3.8147e-06, 6282.19 )
},
"Höllkriegelsreuth4PConnector": {
"buildDistance": 0.9,
"length": 75.0452,
"name": "Höllkriegelsreuth4PConnector",
"radius": -1251.02,
"transform": Transform( 0.917223, 0, -0.398375, 0, 1, 0, 0.398375, 0, 0.917223, 14807, 3.8147e-06, 6250.25 )
},
"Höllkriegelsreuth5P5": {
"buildDistance": 0.9,
"length": 300.0,
"name": "Höllkriegelsreuth5P5",
"radius": 0,
"transform": Transform( -0.778094, 0, 0.628148, 0, 1, 0, -0.628148, 0, -0.778094, 14935.1, 3.8147e-06, 6275.74 )
},
"HöllkriegelsreuthConnector": {
"buildDistance": 0.9,
"length": 75.0452,
"name": "HöllkriegelsreuthConnector",
"radius": 1251.02,
"transform": Transform( 0.89169, 0, -0.452647, 0, 1, 0, 0.452647, 0, 0.89169, 14739.1, 3.8147e-06, 6218.3 )
}
},
"Signals": {

},
"position": Vector3( 14, 0, 6 )
}
14,5={
"Buildings": {

},
"Flora": {

},
"Rails": {
"Buchenhain3": {
"buildDistance": 0.9,
"length": 400.0,
"name": "Buchenhain3",
"radius": 1762.95,
"transform": Transform( 0.732381, 0, -0.680895, 0, 1, 0, 0.680895, 0, 0.732381, 14154, 3.8147e-06, 5838.64 )
}
},
"Signals": {

},
"position": Vector3( 14, 0, 5 )
}
14,4={
"Buildings": {

},
"Flora": {

},
"Rails": {

},
"Signals": {

},
"position": Vector3( 14, 0, 4 )
}
13,6={
"Buildings": {

},
"Flora": {

},
"Rails": {

},
"Signals": {

},
"position": Vector3( 13, 0, 6 )
}
12,6={
"Buildings": {

},
"Flora": {

},
"Rails": {

},
"Signals": {

},
"position": Vector3( 12, 0, 6 )
}
15,6={
"Buildings": {

},
"Flora": {

},
"Rails": {
"Höllkriegelsreuth10": {
"buildDistance": 0.9,
"length": 200.0,
"name": "Höllkriegelsreuth10",
"radius": 0.0,
"transform": Transform( 0.87535, 0, -0.483491, 0, 1, 0, 0.483491, 0, 0.87535, 15273.8, 3.8147e-06, 6489.76 )
},
"Höllkriegelsreuth10Connector": {
"buildDistance": 0.9,
"length": 75.0483,
"name": "Höllkriegelsreuth10Connector",
"radius": -1251.41,
"transform": Transform( 0.875349, 0, -0.483491, 0, 1, 0, 0.483491, 0, 0.875349, 15448.9, 3.8147e-06, 6586.46 )
},
"Höllkriegelsreuth11": {
"buildDistance": 0.9,
"length": 150.0,
"name": "Höllkriegelsreuth11",
"radius": 0,
"transform": Transform( 0.87535, 0, -0.483491, 0, 1, 0, 0.483491, 0, 0.87535, 15448.9, 3.8147e-06, 6586.46 )
},
"Höllkriegelsreuth11Connector": {
"buildDistance": 0.9,
"length": 100.546,
"name": "Höllkriegelsreuth11Connector",
"radius": 1635.61,
"transform": Transform( 0.843993, 0, -0.536354, 0, 1, 0, 0.536354, 0, 0.843993, 15362.4, 3.8147e-06, 6535.17 )
},
"Höllkriegelsreuth11P": {
"buildDistance": 0.9,
"length": 150.0,
"name": "Höllkriegelsreuth11P",
"radius": 0,
"transform": Transform( 0.87535, 0, -0.483491, 0, 1, 0, 0.483491, 0, 0.87535, 15446.7, 3.8147e-06, 6590.4 )
},
"Höllkriegelsreuth11P2": {
"buildDistance": 0.9,
"length": 150.0,
"name": "Höllkriegelsreuth11P2",
"radius": 0.0,
"transform": Transform( 0.875349, 0, -0.483491, 0, 1, 0, 0.483491, 0, 0.875349, 15578, 3.8147e-06, 6662.92 )
},
"Höllkriegelsreuth11P2Connector": {
"buildDistance": 0.9,
"length": 75.0483,
"name": "Höllkriegelsreuth11P2Connector",
"radius": 1251.41,
"transform": Transform( 0.844798, 0, -0.535086, 0, 1, 0, 0.535086, 0, 0.844798, 15513.4, 3.8147e-06, 6624.69 )
},
"Höllkriegelsreuth11PConnector": {
"buildDistance": 0.9,
"length": 99.8518,
"name": "Höllkriegelsreuth11PConnector",
"radius": -1162.05,
"transform": Transform( 0.913614, 0, -0.406583, 0, 1, 0, 0.406583, 0, 0.913614, 15357.3, 3.8147e-06, 6545.93 )
},
"Höllkriegelsreuth11PConnector2": {
"buildDistance": 0.9,
"length": 75.0558,
"name": "Höllkriegelsreuth11PConnector2",
"radius": 1247.91,
"transform": Transform( 0.875349, 0, -0.483491, 0, 1, 0, 0.483491, 0, 0.875349, 15578, 3.8147e-06, 6662.92 )
},
"Höllkriegelsreuth12": {
"buildDistance": 0.9,
"length": 150.0,
"name": "Höllkriegelsreuth12",
"radius": 0.0,
"transform": Transform( 0.875349, 0, -0.483491, 0, 1, 0, 0.483491, 0, 0.875349, 15580.2, 3.8147e-06, 6658.98 )
},
"Höllkriegelsreuth13": {
"buildDistance": 0.9,
"length": 1000.0,
"name": "Höllkriegelsreuth13",
"radius": 28647.9,
"transform": Transform( 0.875349, 0, -0.483491, 0, 1, 0, 0.483491, 0, 0.875349, 15711.5, 3.8147e-06, 6731.51 )
},
"Höllkriegelsreuth13Connector": {
"buildDistance": 0.9,
"length": 75.0558,
"name": "Höllkriegelsreuth13Connector",
"radius": -1247.91,
"transform": Transform( 0.902829, 0, -0.43, 0, 1, 0, 0.43, 0, 0.902829, 15644.8, 3.8147e-06, 6697.21 )
},
"Höllkriegelsreuth13P": {
"buildDistance": 0.9,
"length": 1000,
"name": "Höllkriegelsreuth13P",
"radius": 28652.4,
"transform": Transform( 0.875349, 0, -0.483491, 0, 1, 0, 0.483491, 0, 0.875349, 15709.3, 3.8147e-06, 6735.45 )
},
"Höllkriegelsreuth5": {
"buildDistance": 0.9,
"length": 50.0,
"name": "Höllkriegelsreuth5",
"radius": 954.93,
"transform": Transform( 0.906944, 0, -0.421252, 0, 1, 0, 0.421252, 0, 0.906944, 15007.7, 3.8147e-06, 6351.75 )
},
"Höllkriegelsreuth5P": {
"buildDistance": 0.9,
"length": 49.7644,
"name": "Höllkriegelsreuth5P",
"radius": 570.258,
"transform": Transform( 0.906944, 0, -0.421252, 0, 1, 0, 0.421252, 0, 0.906944, 15009.6, 3.8147e-06, 6347.67 )
},
"Höllkriegelsreuth5P2": {
"buildDistance": 0.9,
"length": 49.7644,
"name": "Höllkriegelsreuth5P2",
"radius": -316.81,
"transform": Transform( 0.940207, 0, -0.340603, 0, 1, 0, 0.340603, 0, 0.940207, 15055.6, 3.8147e-06, 6366.64 )
},
"Höllkriegelsreuth5P3": {
"buildDistance": 0.9,
"length": 200.0,
"name": "Höllkriegelsreuth5P3",
"radius": 0,
"transform": Transform( 0.87535, 0, -0.483491, 0, 1, 0, 0.483491, 0, 0.87535, 15100.9, 3.8147e-06, 6387.19 )
},
"Höllkriegelsreuth5P3Connector": {
"buildDistance": 0.9,
"length": 100.546,
"name": "Höllkriegelsreuth5P3Connector",
"radius": -1635.61,
"transform": Transform( 0.87535, 0, -0.483491, 0, 1, 0, 0.483491, 0, 0.87535, 15276, 3.8147e-06, 6483.88 )
},
"Höllkriegelsreuth5P4": {
"buildDistance": 0.9,
"length": 200.0,
"name": "Höllkriegelsreuth5P4",
"radius": -1145.92,
"transform": Transform( -0.87535, 0, 0.483491, 0, 1, 0, -0.483491, 0, -0.87535, 15100.9, 3.8147e-06, 6387.19 )
},
"Höllkriegelsreuth6": {
"buildDistance": 0.9,
"length": 50.0,
"name": "Höllkriegelsreuth6",
"radius": -409.256,
"transform": Transform( 0.927747, 0, -0.373208, 0, 1, 0, 0.373208, 0, 0.927747, 15053.6, 3.8147e-06, 6371.62 )
},
"Höllkriegelsreuth7": {
"buildDistance": 0.9,
"length": 100.0,
"name": "Höllkriegelsreuth7",
"radius": 0,
"transform": Transform( 0.87535, 0, -0.483491, 0, 1, 0, 0.483491, 0, 0.87535, 15005.4, 3.8147e-06, 6356.42 )
},
"Höllkriegelsreuth8": {
"buildDistance": 0.9,
"length": 200.0,
"name": "Höllkriegelsreuth8",
"radius": 0,
"transform": Transform( 0.87535, 0, -0.483491, 0, 1, 0, 0.483491, 0, 0.87535, 15092.9, 3.8147e-06, 6404.77 )
},
"Höllkriegelsreuth8Connector": {
"buildDistance": 0.9,
"length": 99.8518,
"name": "Höllkriegelsreuth8Connector",
"radius": 1162.05,
"transform": Transform( 0.87535, 0, -0.483491, 0, 1, 0, 0.483491, 0, 0.87535, 15268, 3.8147e-06, 6501.47 )
},
"Höllkriegelsreuth9": {
"buildDistance": 0.9,
"length": 200.0,
"name": "Höllkriegelsreuth9",
"radius": 0,
"transform": Transform( 0.87535, 0, -0.483491, 0, 1, 0, 0.483491, 0, 0.87535, 15098.7, 3.8147e-06, 6393.06 )
}
},
"Signals": {

},
"position": Vector3( 15, 0, 6 )
}
15,5={
"Buildings": {

},
"Flora": {

},
"Rails": {

},
"Signals": {

},
"position": Vector3( 15, 0, 5 )
}
15,4={
"Buildings": {

},
"Flora": {

},
"Rails": {

},
"Signals": {

},
"position": Vector3( 15, 0, 4 )
}
15,7={
"Buildings": {

},
"Flora": {

},
"Rails": {

},
"Signals": {

},
"position": Vector3( 15, 0, 7 )
}
14,7={
"Buildings": {

},
"Flora": {

},
"Rails": {

},
"Signals": {

},
"position": Vector3( 14, 0, 7 )
}
13,7={
"Buildings": {

},
"Flora": {

},
"Rails": {

},
"Signals": {

},
"position": Vector3( 13, 0, 7 )
}
16,7={
"Buildings": {

},
"Flora": {

},
"Rails": {
"Höllkriegelsreuth14": {
"buildDistance": 0.9,
"length": 1000.0,
"name": "Höllkriegelsreuth14",
"radius": 57295.8,
"transform": Transform( 0.89169, 0, -0.452647, 0, 1, 0, 0.452647, 0, 0.89169, 16595.1, 3.8147e-06, 7199.62 )
},
"Höllkriegelsreuth14P": {
"buildDistance": 0.9,
"length": 1000,
"name": "Höllkriegelsreuth14P",
"radius": 57300.3,
"transform": Transform( 0.89169, 0, -0.452647, 0, 1, 0, 0.452647, 0, 0.89169, 16593.1, 3.8147e-06, 7203.64 )
}
},
"Signals": {

},
"position": Vector3( 16, 0, 7 )
}
16,6={
"Buildings": {

},
"Flora": {

},
"Rails": {

},
"Signals": {

},
"position": Vector3( 16, 0, 6 )
}
16,5={
"Buildings": {

},
"Flora": {

},
"Rails": {

},
"Signals": {

},
"position": Vector3( 16, 0, 5 )
}
17,8={
"Buildings": {

},
"Flora": {

},
"Rails": {

},
"Signals": {

},
"position": Vector3( 17, 0, 8 )
}
17,7={
"Buildings": {

},
"Flora": {

},
"Rails": {
"Höllkriegelsreuth14P2": {
"buildDistance": 0.9,
"length": 800.0,
"name": "Höllkriegelsreuth14P2",
"radius": -45836.6,
"transform": Transform( 0.899453, 0, -0.437017, 0, 1, 0, 0.437017, 0, 0.899453, 17488.7, 3.8147e-06, 7648.48 )
},
"Höllkriegelsreuth14P2P": {
"buildDistance": 0.9,
"length": 800.079,
"name": "Höllkriegelsreuth14P2P",
"radius": -45841.1,
"transform": Transform( 0.899453, 0, -0.437017, 0, 1, 0, 0.437017, 0, 0.899453, 17490.6, 3.8147e-06, 7644.43 )
}
},
"Signals": {

},
"position": Vector3( 17, 0, 7 )
}
17,6={
"Buildings": {

},
"Flora": {

},
"Rails": {

},
"Signals": {

},
"position": Vector3( 17, 0, 6 )
}
16,8={
"Buildings": {

},
"Flora": {

},
"Rails": {

},
"Signals": {

},
"position": Vector3( 16, 0, 8 )
}
15,8={
"Buildings": {

},
"Flora": {

},
"Rails": {

},
"Signals": {

},
"position": Vector3( 15, 0, 8 )
}
18,8={
"Buildings": {

},
"Flora": {

},
"Rails": {
"Höllkriegelsreuth14P3": {
"buildDistance": 0.9,
"length": 500.0,
"name": "Höllkriegelsreuth14P3",
"radius": 572.958,
"transform": Transform( 0.891689, 0, -0.452648, 0, 1, 0, 0.452648, 0, 0.891689, 18205.2, 3.8147e-06, 8004.36 )
},
"Höllkriegelsreuth14P3P": {
"buildDistance": 0.9,
"length": 496.073,
"name": "Höllkriegelsreuth14P3P",
"radius": 568.458,
"transform": Transform( 0.891689, 0, -0.452648, 0, 1, 0, 0.452648, 0, 0.891689, 18207.2, 3.8147e-06, 8000.34 )
},
"Höllkriegelsreuth14P4": {
"buildDistance": 0.9,
"length": 200.0,
"name": "Höllkriegelsreuth14P4",
"radius": 763.944,
"transform": Transform( 0.919915, 0, 0.392117, 0, 1, 0, -0.392117, 0, 0.919915, 18689.2, 3.8147e-06, 8020.53 )
},
"Höllkriegelsreuth14P4P": {
"buildDistance": 0.9,
"length": 198.822,
"name": "Höllkriegelsreuth14P4P",
"radius": 759.444,
"transform": Transform( 0.919915, 0, 0.392117, 0, 1, 0, -0.392117, 0, 0.919915, 18687.4, 3.8147e-06, 8016.39 )
}
},
"Signals": {

},
"position": Vector3( 18, 0, 8 )
}
18,7={
"Buildings": {

},
"Flora": {

},
"Rails": {
"Höllkriegelsreuth14P5": {
"buildDistance": 0.9,
"length": 10.0,
"name": "Höllkriegelsreuth14P5",
"radius": 0,
"transform": Transform( 0.787083, 0, 0.616848, 0, 1, 0, -0.616848, 0, 0.787083, 18860.8, 3.8147e-06, 7919.05 )
},
"Höllkriegelsreuth14P5Connector": {
"buildDistance": 0.9,
"length": 25.1343,
"name": "Höllkriegelsreuth14P5Connector",
"radius": -140.023,
"transform": Transform( 0.787083, 0, 0.616848, 0, 1, 0, -0.616848, 0, 0.787083, 18868.7, 3.8147e-06, 7912.88 )
},
"Höllkriegelsreuth14P5ConnectorConnector": {
"buildDistance": 0.9,
"length": 12.7009,
"name": "Höllkriegelsreuth14P5ConnectorConnector",
"radius": 4571.34,
"transform": Transform( 0.884568, 0, 0.466412, 0, 1, 0, -0.466412, 0, 0.884568, 18889.8, 3.8147e-06, 7899.23 )
},
"Höllkriegelsreuth14P5P": {
"buildDistance": 0.9,
"length": 10.0,
"name": "Höllkriegelsreuth14P5P",
"radius": 0,
"transform": Transform( 0.787083, 0, 0.616848, 0, 1, 0, -0.616848, 0, 0.787083, 18858.1, 3.8147e-06, 7915.51 )
},
"Höllkriegelsreuth14P5P2P2": {
"buildDistance": 0.9,
"length": 75.0,
"name": "Höllkriegelsreuth14P5P2P2",
"radius": 0,
"transform": Transform( 0.787083, 0, 0.616848, 0, 1, 0, -0.616848, 0, 0.787083, 18874.3, 3.8147e-06, 7919.97 )
},
"Höllkriegelsreuth14P5P3": {
"buildDistance": 0.9,
"length": 25.0,
"name": "Höllkriegelsreuth14P5P3",
"radius": 0,
"transform": Transform( 0.787083, 0, 0.616848, 0, 1, 0, -0.616848, 0, 0.787083, 18871.5, 3.8147e-06, 7916.42 )
},
"Höllkriegelsreuth14P5P4": {
"buildDistance": 0.9,
"length": 25.0,
"name": "Höllkriegelsreuth14P5P4",
"radius": 0,
"transform": Transform( 0.787083, 0, 0.616848, 0, 1, 0, -0.616848, 0, 0.787083, 18910.8, 3.8147e-06, 7885.58 )
},
"Höllkriegelsreuth14P5P4Connector": {
"buildDistance": 0.9,
"length": 25.1343,
"name": "Höllkriegelsreuth14P5P4Connector",
"radius": 140.023,
"transform": Transform( 0.884568, 0, 0.466412, 0, 1, 0, -0.466412, 0, 0.884568, 18889.8, 3.8147e-06, 7899.23 )
},
"Höllkriegelsreuth14P5P5": {
"buildDistance": 0.9,
"length": 50.0,
"name": "Höllkriegelsreuth14P5P5",
"radius": 0.0,
"transform": Transform( 0.787083, 0, 0.616848, 0, 1, 0, -0.616848, 0, 0.787083, 18950.2, 3.8147e-06, 7854.74 )
},
"Höllkriegelsreuth14P5P5P": {
"buildDistance": 0.9,
"length": 50.0,
"name": "Höllkriegelsreuth14P5P5P",
"radius": 0,
"transform": Transform( 0.787083, 0, 0.616848, 0, 1, 0, -0.616848, 0, 0.787083, 18953, 3.8147e-06, 7858.28 )
},
"Höllkriegelsreuth14P5P5P2": {
"buildDistance": 0.9,
"length": 200.0,
"name": "Höllkriegelsreuth14P5P5P2",
"radius": -381.972,
"transform": Transform( 0.787083, 0, 0.616848, 0, 1, 0, -0.616848, 0, 0.787083, 18992.3, 3.8147e-06, 7827.44 )
},
"Höllkriegelsreuth14P5P5P2P": {
"buildDistance": 0.9,
"length": 230.0,
"name": "Höllkriegelsreuth14P5P5P2P",
"radius": -439.268,
"transform": Transform( 0.787083, 0, 0.616848, 0, 1, 0, -0.616848, 0, 0.787083, 18989.6, 3.8147e-06, 7823.9 )
},
"Höllkriegelsreuth14P5P5P2PConnector": {
"buildDistance": 0.9,
"length": 75.1786,
"name": "Höllkriegelsreuth14P5P5P2PConnector",
"radius": 627.317,
"transform": Transform( 0.855184, 0, 0.518324, 0, 1, 0, -0.518324, 0, 0.855184, 18927.8, 3.8147e-06, 7866.62 )
},
"Höllkriegelsreuth14P5P6": {
"buildDistance": 0.9,
"length": 25.0,
"name": "Höllkriegelsreuth14P5P6",
"radius": 0.0,
"transform": Transform( 0.787083, 0, 0.616848, 0, 1, 0, -0.616848, 0, 0.787083, 18930.5, 3.8147e-06, 7870.16 )
},
"Höllkriegelsreuth14P5P6P": {
"buildDistance": 0.9,
"length": 25.0,
"name": "Höllkriegelsreuth14P5P6P",
"radius": 0,
"transform": Transform( 0.787083, 0, 0.616848, 0, 1, 0, -0.616848, 0, 0.787083, 18933.3, 3.8147e-06, 7873.7 )
},
"Höllkriegelsreuth14P5P6P2": {
"buildDistance": 0.9,
"length": 25.1343,
"name": "Höllkriegelsreuth14P5P6P2",
"radius": -140.023,
"transform": Transform( -0.787083, 0, -0.616848, 0, 1, 0, 0.616848, 0, -0.787083, 18933.3, 3.8147e-06, 7873.7 )
},
"Höllkriegelsreuth14P5P6P2Connector": {
"buildDistance": 0.9,
"length": 12.7009,
"name": "Höllkriegelsreuth14P5P6P2Connector",
"radius": -4571.34,
"transform": Transform( 0.883268, 0, 0.468868, 0, 1, 0, -0.468868, 0, 0.883268, 18901, 3.8147e-06, 7893.29 )
},
"Höllkriegelsreuth14P5P7": {
"buildDistance": 0.9,
"length": 25.1343,
"name": "Höllkriegelsreuth14P5P7",
"radius": -140.023,
"transform": Transform( 0.787083, 0, 0.616848, 0, 1, 0, -0.616848, 0, 0.787083, 18891.2, 3.8147e-06, 7901 )
},
"Höllkriegelsreuth14P5P8": {
"buildDistance": 0.9,
"length": 25.0,
"name": "Höllkriegelsreuth14P5P8",
"radius": 0.0,
"transform": Transform( 0.787083, 0, 0.616848, 0, 1, 0, -0.616848, 0, 0.787083, 18891.2, 3.8147e-06, 7901 )
},
"Höllkriegelsreuth14P5P9": {
"buildDistance": 0.9,
"length": 1000.0,
"name": "Höllkriegelsreuth14P5P9",
"radius": 716.197,
"transform": Transform( -0.787083, 0, -0.616848, 0, 1, 0, 0.616848, 0, -0.787083, 18871.5, 3.8147e-06, 7916.42 )
},
"Höllkriegelsreuth14P5P9P": {
"buildDistance": 0.9,
"length": 993.717,
"name": "Höllkriegelsreuth14P5P9P",
"radius": 711.697,
"transform": Transform( -0.787083, 0, -0.616848, 0, 1, 0, 0.616848, 0, -0.787083, 18874.3, 3.8147e-06, 7919.97 )
},
"Höllkriegelsreuth14P5PConnector": {
"buildDistance": 0.9,
"length": 75.1786,
"name": "Höllkriegelsreuth14P5PConnector",
"radius": -627.317,
"transform": Transform( 0.787083, 0, 0.616848, 0, 1, 0, -0.616848, 0, 0.787083, 18865.9, 3.8147e-06, 7909.34 )
}
},
"Signals": {

},
"position": Vector3( 18, 0, 7 )
}
18,6={
"Buildings": {

},
"Flora": {

},
"Rails": {

},
"Signals": {

},
"position": Vector3( 18, 0, 6 )
}
19,9={
"Buildings": {

},
"Flora": {

},
"Rails": {

},
"Signals": {

},
"position": Vector3( 19, 0, 9 )
}
19,8={
"Buildings": {

},
"Flora": {

},
"Rails": {

},
"Signals": {

},
"position": Vector3( 19, 0, 8 )
}
19,7={
"Buildings": {

},
"Flora": {

},
"Rails": {
"Höllkriegelsreuth14P5P5P2P2": {
"buildDistance": 0.9,
"length": 300.0,
"name": "Höllkriegelsreuth14P5P5P2P2",
"radius": -859.437,
"transform": Transform( 0.990057, 0, 0.140665, 0, 1, 0, -0.140665, 0, 0.990057, 19198.8, 3.8147e-06, 7734.74 )
},
"Höllkriegelsreuth14P5P5P2P2Connector": {
"buildDistance": 0.9,
"length": 189.749,
"name": "Höllkriegelsreuth14P5P5P2P2Connector",
"radius": -2334.06,
"transform": Transform( 0.97846, 0, -0.206438, 0, 1, 0, 0.206438, 0, 0.97846, 19497.1, 3.8147e-06, 7744.71 )
},
"Höllkriegelsreuth14P5P5P3": {
"buildDistance": 0.9,
"length": 300.0,
"name": "Höllkriegelsreuth14P5P5P3",
"radius": -859.437,
"transform": Transform( 0.990057, 0, 0.140665, 0, 1, 0, -0.140665, 0, 0.990057, 19174.2, 3.8147e-06, 7749.91 )
},
"Höllkriegelsreuth14P5P5P4": {
"buildDistance": 0.9,
"length": 400.0,
"name": "Höllkriegelsreuth14P5P5P4",
"radius": 0,
"transform": Transform( 0.97846, 0, -0.206438, 0, 1, 0, 0.206438, 0, 0.97846, 19472.5, 3.8147e-06, 7759.88 )
},
"Höllkriegelsreuth14P5P5P4Connector": {
"buildDistance": 0.9,
